8 11 14 16 15 - Safe
23 25 27 30 30 - Safe
19 20 21 22 23 25 26 30 - Safe
16 19 22 25 26 28 35 - Safe
59 61 59 61 63 - Unsafe
23 25 22 23 22 - Unsafe
5 8 9 12 11 14 15 15 - Unsafe
87 90 91 92 89 91 95 - Unsafe
36 38 40 43 40 41 47 - Unsafe
37 40 40 42 45 48 49 52 - Safe
40 41 41 43 45 43 - Unsafe
32 34 36 36 38 40 40 - Unsafe
2 4 6 6 7 11 - Unsafe
1 2 5 5 7 12 - Unsafe
76 79 81 85 88 - Unsafe
34 37 38 40 42 46 43 - Unsafe
33 34 35 39 39 - Unsafe
66 67 70 74 77 81 - Unsafe
77 80 84 85 86 87 89 96 - Unsafe
29 31 34 40 42 45 47 48 - Unsafe
30 32 34 36 39 46 47 44 - Unsafe
37 39 42 49 50 50 - Unsafe
76 78 80 83 85 86 93 97 - Unsafe
56 57 58 65 68 75 - Unsafe
43 40 41 44 45 46 48 51 - Unsafe
35 33 34 37 38 36 - Unsafe
68 67 70 73 76 76 - Unsafe
87 86 87 89 92 96 - Unsafe
19 18 21 24 26 27 34 - Unsafe
80 78 79 81 78 81 - Unsafe
47 44 42 44 45 44 - Unsafe
27 26 28 31 28 28 - Unsafe
89 88 91 88 90 92 93 97 - Unsafe
64 63 66 63 66 68 74 - Unsafe
40 39 40 43 43 46 49 - Unsafe
43 41 41 44 42 - Unsafe
56 55 58 61 61 62 63 63 - Unsafe
48 45 45 48 50 53 57 - Unsafe
35 33 36 39 39 45 - Unsafe
67 65 68 72 75 76 78 79 - Unsafe
32 29 30 34 37 40 43 40 - Unsafe
66 64 68 71 72 72 - Unsafe
78 75 78 79 83 84 87 91 - Unsafe
11 8 12 13 20 - Unsafe
73 70 72 75 77 78 83 86 - Unsafe
59 56 61 63 61 - Unsafe
60 58 59 60 61 66 66 - Unsafe
76 75 80 82 86 - Unsafe
64 63 70 72 75 80 - Unsafe
2 2 4 5 7 9 - Safe
64 64 66 69 72 75 73 - Unsafe
45 45 47 48 49 51 51 - Unsafe
64 64 65 67 69 71 75 - Unsafe
77 77 79 81 84 91 - Unsafe
77 77 76 77 78 80 - Unsafe
43 43 45 46 43 44 47 46 - Unsafe
57 57 59 57 57 - Unsafe
9 9 12 9 11 14 18 - Unsafe
69 69 70 71 72 71 74 81 - Unsafe
50 50 53 54 54 57 - Unsafe
31 31 34 34 35 37 38 35 - Unsafe
10 10 12 15 16 19 19 19 - Unsafe
64 64 65 65 66 70 - Unsafe
49 49 51 51 58 - Unsafe
20 20 22 26 28 - Unsafe
75 75 79 80 81 84 83 - Unsafe
63 63 67 70 72 74 76 76 - Unsafe
86 86 87 90 94 98 - Unsafe
33 33 35 39 42 44 49 - Unsafe
70 70 73 79 80 - Unsafe
65 65 66 73 75 78 79 78 - Unsafe
85 85 90 91 94 94 - Unsafe
31 31 38 39 42 45 49 - Unsafe
22 22 25 32 34 35 40 - Unsafe
8 12 14 15 17 18 20 21 - Safe
33 37 38 39 38 - Unsafe
34 38 40 42 43 44 44 - Unsafe
49 53 54 57 61 - Unsafe
30 34 36 38 41 47 - Unsafe
79 83 84 81 83 - Unsafe
90 94 93 95 93 - Unsafe
88 92 94 95 94 94 - Unsafe
18 22 25 23 25 28 32 - Unsafe
71 75 74 75 82 - Unsafe
80 84 87 87 88 91 92 - Unsafe
45 49 51 51 52 50 - Unsafe
40 44 45 48 48 49 49 - Unsafe
21 25 27 29 29 33 - Unsafe
25 29 30 31 31 33 38 - Unsafe
49 53 57 58 61 - Unsafe
70 74 75 79 82 80 - Unsafe
64 68 72 73 74 76 76 - Unsafe
50 54 55 56 58 61 65 69 - Unsafe
59 63 64 66 68 72 73 80 - Unsafe
70 74 77 78 79 84 87 - Unsafe
12 16 23 25 26 24 - Unsafe
8 12 13 16 22 23 24 24 - Unsafe
11 15 18 19 21 23 29 33 - Unsafe
69 73 76 77 82 85 92 - Unsafe
10 16 17 20 23 - Safe
11 18 19 22 25 26 25 - Unsafe
45 51 54 55 55 - Unsafe
19 25 27 30 31 32 33 37 - Unsafe
20 27 30 31 33 35 38 43 - Unsafe
87 93 96 94 96 - Unsafe
79 84 87 88 89 87 86 - Unsafe
38 44 43 45 47 49 52 52 - Unsafe
25 30 31 29 33 - Unsafe
18 25 27 28 26 31 - Unsafe
25 30 30 33 34 - Unsafe
8 15 17 20 20 17 - Unsafe
24 29 31 31 31 - Unsafe
20 27 30 30 34 - Unsafe
55 62 63 66 66 72 - Unsafe
2 8 11 14 18 21 23 24 - Unsafe
33 39 43 46 48 50 51 48 - Unsafe
22 29 30 34 34 - Unsafe
79 84 88 90 93 95 99 - Unsafe
61 66 70 72 74 81 - Unsafe
34 40 41 44 45 46 52 54 - Unsafe
68 73 74 79 77 - Unsafe
21 28 35 37 40 40 - Unsafe
47 53 59 60 64 - Unsafe
57 62 63 66 71 78 - Unsafe
14 12 9 6 4 3 5 - Safe
46 44 43 42 40 37 37 - Safe
76 75 72 71 68 64 - Safe
54 53 52 51 45 - Safe
69 68 71 69 68 - Unsafe
64 63 64 63 60 58 56 58 - Unsafe
77 76 75 76 76 - Unsafe
17 16 17 16 13 11 7 - Unsafe
38 37 34 35 28 - Unsafe
60 58 58 55 52 - Safe
70 67 64 61 61 59 62 - Unsafe
95 93 91 90 89 89 89 - Unsafe
72 71 69 66 66 62 - Unsafe
81 80 80 77 74 73 72 67 - Unsafe
16 13 12 8 7 6 5 - Unsafe
25 24 21 19 17 15 11 14 - Unsafe
19 18 14 12 12 - Unsafe
66 65 64 63 59 55 - Unsafe
34 31 27 24 21 18 11 - Unsafe
99 96 94 87 84 - Unsafe
46 43 41 34 33 35 - Unsafe
14 11 9 2 2 - Unsafe
57 55 48 45 43 41 38 34 - Unsafe
69 66 64 61 55 53 46 - Unsafe
69 70 69 66 63 60 58 - Unsafe
61 62 60 59 58 55 54 57 - Unsafe
69 70 67 64 63 61 61 - Unsafe
29 31 30 27 26 25 22 18 - Unsafe
63 65 62 59 57 54 47 - Unsafe
31 33 32 33 31 29 - Unsafe
94 95 92 89 91 94 - Unsafe
45 46 45 42 40 41 41 - Unsafe
70 71 68 66 63 65 61 - Unsafe
94 95 94 96 93 92 90 84 - Unsafe
10 12 12 9 7 4 2 - Unsafe
33 35 35 32 29 30 - Unsafe
74 77 74 74 74 - Unsafe
32 34 34 32 28 - Unsafe
72 73 73 72 69 64 - Unsafe
59 60 58 57 53 50 47 - Unsafe
79 82 79 75 74 73 75 - Unsafe
38 41 39 38 37 36 32 32 - Unsafe
74 75 73 69 65 - Unsafe
43 44 40 39 33 - Unsafe
52 55 54 52 45 42 40 37 - Unsafe
28 29 24 21 20 21 - Unsafe
50 52 51 50 47 46 40 40 - Unsafe
15 17 10 9 7 3 - Unsafe
21 23 16 15 9 - Unsafe
39 39 36 35 32 - Safe
95 95 93 90 87 90 - Unsafe
49 49 46 43 42 42 - Unsafe
29 29 28 26 22 - Unsafe
31 31 30 27 25 22 15 - Unsafe
15 15 13 12 14 11 10 - Unsafe
77 77 76 79 77 75 78 - Unsafe
42 42 41 42 39 38 35 35 - Unsafe
7 7 8 6 2 - Unsafe
96 96 94 91 92 90 84 - Unsafe
73 73 73 72 71 - Unsafe
57 57 56 56 53 51 49 52 - Unsafe
87 87 84 82 81 81 79 79 - Unsafe
38 38 35 33 31 28 28 24 - Unsafe
62 62 62 60 55 - Unsafe
35 35 32 31 27 26 - Unsafe
78 78 75 72 71 67 66 69 - Unsafe
47 47 44 40 40 - Unsafe
72 72 71 69 67 63 61 57 - Unsafe
48 48 46 42 35 - Unsafe
65 65 60 58 56 55 54 - Unsafe
92 92 89 87 86 81 83 - Unsafe
66 66 64 61 58 52 52 - Unsafe
29 29 26 25 23 22 17 13 - Unsafe
47 47 42 40 33 - Unsafe
50 46 43 41 39 38 35 34 - Safe
39 35 34 32 30 27 28 - Unsafe
21 17 16 15 12 10 9 9 - Unsafe
71 67 66 65 61 - Unsafe
38 34 31 29 28 22 - Unsafe
87 83 80 81 78 - Unsafe
94 90 92 90 91 - Unsafe
83 79 78 75 78 75 75 - Unsafe
36 32 35 33 30 29 27 23 - Unsafe
87 83 84 82 76 - Unsafe
77 73 70 69 69 68 66 63 - Unsafe
94 90 89 87 87 85 86 - Unsafe
63 59 58 57 54 51 51 51 - Unsafe
32 28 28 27 23 - Unsafe
36 32 31 29 29 28 23 - Unsafe
42 38 34 31 29 28 - Unsafe
33 29 27 25 21 18 20 - Unsafe
29 25 24 21 17 16 13 13 - Unsafe
90 86 85 82 78 74 - Unsafe
68 64 62 58 56 51 - Unsafe
73 69 66 61 58 56 - Unsafe
93 89 87 85 82 75 72 74 - Unsafe
80 76 73 72 69 68 62 62 - Unsafe
40 36 34 32 30 25 24 20 - Unsafe
55 51 50 48 46 40 39 33 - Unsafe
25 20 19 18 17 14 - Safe
98 91 89 87 86 84 82 83 - Unsafe
58 52 51 49 49 - Unsafe
75 70 69 67 65 61 - Unsafe
91 84 83 82 80 78 76 69 - Unsafe
37 30 32 30 28 26 23 22 - Unsafe
48 42 40 42 41 39 40 - Unsafe
75 69 68 67 66 64 67 67 - Unsafe
90 85 86 85 83 82 79 75 - Unsafe
34 29 32 30 24 - Unsafe
93 87 86 84 83 83 82 - Unsafe
94 87 84 83 83 86 - Unsafe
19 14 14 13 12 12 - Unsafe
94 89 87 87 84 80 - Unsafe
60 53 50 47 44 44 37 - Unsafe
41 34 31 27 24 21 - Unsafe
31 25 23 19 20 - Unsafe
79 74 72 68 67 66 63 63 - Unsafe
28 23 21 20 19 17 13 9 - Unsafe
97 91 87 85 82 80 73 - Unsafe
96 91 88 86 81 78 75 72 - Unsafe
58 51 48 41 38 40 - Unsafe
35 28 25 22 16 13 13 - Unsafe
45 40 35 34 30 - Unsafe
38 33 30 23 21 14 - Unsafe
18 20 22 25 27 28 25 - Safe
78 80 82 83 86 89 90 90 - Safe
1 3 6 9 13 - Safe
21 24 25 28 30 31 33 39 - Safe
90 91 93 92 94 - Safe
47 49 52 50 51 54 56 54 - Unsafe
25 28 30 33 34 33 33 - Unsafe
20 21 24 25 26 27 25 29 - Unsafe
77 78 77 79 84 - Unsafe
64 67 68 71 72 72 75 - Safe
13 15 18 21 21 19 - Unsafe
33 35 37 37 38 38 - Unsafe
15 17 20 22 23 26 26 30 - Unsafe
56 57 58 58 64 - Unsafe
20 21 24 28 29 31 - Unsafe
41 43 47 50 49 - Unsafe
83 86 90 93 93 - Unsafe
8 11 15 18 20 24 - Unsafe
83 84 88 90 92 99 - Unsafe
54 55 58 59 65 68 - Unsafe
60 62 63 69 70 71 70 - Unsafe
57 58 65 67 70 70 - Unsafe
54 55 62 64 67 70 74 - Unsafe
17 18 19 21 24 30 32 38 - Unsafe
30 29 31 34 35 37 39 - Unsafe
27 24 25 26 27 30 29 - Unsafe
9 6 8 10 11 14 17 17 - Unsafe
32 31 32 35 37 41 - Unsafe
58 55 57 59 60 65 - Unsafe
25 22 25 26 25 27 30 32 - Unsafe
73 72 74 76 79 81 79 77 - Unsafe
5 2 5 8 10 12 10 10 - Unsafe
87 85 87 90 91 93 90 94 - Unsafe
38 37 38 40 41 42 39 45 - Unsafe
37 35 37 40 40 41 - Unsafe
14 11 11 14 16 18 16 - Unsafe
71 68 71 71 71 - Unsafe
29 26 26 29 30 33 37 - Unsafe
69 68 68 71 74 76 79 85 - Unsafe
43 40 44 46 47 48 50 - Unsafe
46 45 47 48 50 54 57 55 - Unsafe
23 22 26 29 29 - Unsafe
36 34 36 40 42 43 47 - Unsafe
13 10 12 16 18 19 25 - Unsafe
64 63 66 67 68 75 76 78 - Unsafe
72 70 75 77 79 80 77 - Unsafe
12 10 11 16 19 19 - Unsafe
64 62 64 69 70 73 75 79 - Unsafe
50 48 51 54 61 64 66 71 - Unsafe
12 12 14 16 18 - Safe
40 40 42 45 47 50 49 - Unsafe
62 62 65 67 67 - Unsafe
70 70 72 74 78 - Unsafe
10 10 11 12 13 14 15 20 - Unsafe
77 77 74 75 77 - Unsafe
40 40 38 39 38 - Unsafe
86 86 87 85 85 - Unsafe
48 48 49 46 50 - Unsafe
7 7 10 7 8 13 - Unsafe
19 19 20 20 21 24 - Unsafe
20 20 23 26 27 27 26 - Unsafe
40 40 42 45 46 46 46 - Unsafe
88 88 90 90 91 95 - Unsafe
65 65 65 67 69 76 - Unsafe
81 81 83 87 88 90 - Unsafe
48 48 49 51 55 57 54 - Unsafe
35 35 39 42 44 45 48 48 - Unsafe
70 70 73 75 78 79 83 87 - Unsafe
5 5 9 12 17 - Unsafe
10 10 11 12 15 21 22 - Unsafe
30 30 37 38 39 42 41 - Unsafe
77 77 82 84 87 90 93 93 - Unsafe
11 11 13 20 24 - Unsafe
59 59 61 66 71 - Unsafe
12 16 17 20 22 24 25 - Safe
52 56 57 59 61 62 64 61 - Unsafe
79 83 86 88 91 91 - Unsafe
16 20 21 23 27 - Unsafe
72 76 79 82 84 89 - Unsafe
85 89 86 87 89 - Unsafe
92 96 98 96 94 - Unsafe
32 36 37 34 35 37 38 38 - Unsafe
56 60 61 58 61 62 65 69 - Unsafe
78 82 80 81 87 - Unsafe
47 51 53 54 57 59 59 61 - Unsafe
53 57 57 59 60 62 60 - Unsafe
73 77 77 80 81 81 - Unsafe
83 87 88 89 90 90 94 - Unsafe
78 82 85 86 86 93 - Unsafe
37 41 42 43 46 48 52 53 - Unsafe
71 75 76 77 81 83 84 82 - Unsafe
78 82 86 88 91 91 - Unsafe
20 24 27 29 33 37 - Unsafe
54 58 59 61 64 65 69 76 - Unsafe
52 56 59 60 62 69 71 - Unsafe
8 12 14 19 18 - Unsafe
52 56 59 62 67 67 - Unsafe
69 73 74 79 83 - Unsafe
48 52 54 56 57 59 64 69 - Unsafe
84 91 92 93 95 - Safe
43 48 50 52 54 51 - Unsafe
76 81 83 85 88 90 90 - Unsafe
18 25 28 30 31 34 38 - Unsafe
49 55 58 61 63 68 - Unsafe
26 33 30 32 34 36 39 - Unsafe
10 17 14 17 15 - Unsafe
80 87 88 85 85 - Unsafe
81 88 91 89 90 93 97 - Unsafe
24 29 32 30 35 - Unsafe
41 47 50 51 54 54 57 58 - Unsafe
60 65 66 68 71 73 73 70 - Unsafe
33 40 40 41 43 45 47 47 - Unsafe
45 50 52 55 55 59 - Unsafe
1 7 10 11 12 12 19 - Unsafe
30 36 39 43 44 - Unsafe
51 58 61 65 63 - Unsafe
24 30 31 32 36 38 38 - Unsafe
46 53 57 59 63 - Unsafe
34 39 40 41 45 46 49 56 - Unsafe
33 38 39 40 41 46 49 - Unsafe
63 69 74 75 74 - Unsafe
74 81 88 91 93 95 95 - Unsafe
26 32 38 41 45 - Unsafe
67 72 79 81 83 86 93 - Unsafe
30 28 27 25 23 21 18 21 - Safe
43 40 38 36 33 30 30 - Safe
55 52 51 49 48 47 46 42 - Safe
21 20 17 16 10 - Safe
68 67 69 66 65 - Safe
38 35 33 31 33 31 29 32 - Unsafe
85 82 80 79 80 79 76 76 - Unsafe
64 63 66 64 61 57 - Unsafe
42 39 37 34 36 33 32 26 - Unsafe
42 40 37 37 34 31 30 - Safe
17 15 15 13 11 10 9 12 - Unsafe
75 73 72 72 72 - Unsafe
50 49 49 47 43 - Unsafe
53 50 47 45 45 38 - Unsafe
61 60 59 58 54 51 - Unsafe
37 36 32 29 30 - Unsafe
15 12 10 6 6 - Unsafe
44 43 42 38 34 - Unsafe
34 32 28 27 21 - Unsafe
24 22 19 18 15 9 8 - Unsafe
60 58 51 50 48 47 46 48 - Unsafe
91 90 88 85 78 76 76 - Unsafe
88 86 81 79 77 73 - Unsafe
89 88 86 84 78 72 - Unsafe
17 18 15 13 12 10 - Unsafe
77 80 78 77 75 78 - Unsafe
44 47 45 44 41 39 39 - Unsafe
14 17 16 13 10 8 4 - Unsafe
90 91 89 87 84 83 76 - Unsafe
51 52 49 52 49 46 45 - Unsafe
30 32 35 32 29 28 29 - Unsafe
15 16 15 16 16 - Unsafe
96 98 99 98 97 93 - Unsafe
83 84 82 81 79 78 81 76 - Unsafe
30 33 30 29 28 28 27 - Unsafe
41 44 42 42 39 36 33 36 - Unsafe
79 82 81 81 81 - Unsafe
48 50 47 47 43 - Unsafe
31 33 33 31 28 27 26 19 - Unsafe
49 50 47 46 42 40 39 - Unsafe
19 21 19 18 15 11 9 10 - Unsafe
52 53 51 49 48 44 42 42 - Unsafe
72 75 71 69 65 - Unsafe
25 27 25 23 22 18 15 9 - Unsafe
35 36 33 30 25 22 19 - Unsafe
76 78 75 73 68 65 68 - Unsafe
96 99 93 91 89 87 84 84 - Unsafe
80 83 82 79 76 69 65 - Unsafe
91 93 90 89 84 77 - Unsafe
78 78 77 74 71 - Safe
42 42 41 39 36 35 36 - Unsafe
81 81 80 77 75 74 71 71 - Unsafe
47 47 46 44 42 38 - Unsafe
71 71 68 66 64 61 55 - Unsafe
29 29 26 29 28 25 - Unsafe
76 76 77 74 71 74 - Unsafe
79 79 81 78 77 77 - Unsafe
79 79 76 79 76 75 74 70 - Unsafe
73 73 72 70 69 68 71 66 - Unsafe
59 59 58 55 53 52 52 50 - Unsafe
58 58 56 56 53 51 52 - Unsafe
80 80 79 77 76 76 73 73 - Unsafe
51 51 50 48 48 44 - Unsafe
41 41 41 38 37 36 35 29 - Unsafe
54 54 53 52 48 46 43 40 - Unsafe
25 25 23 19 20 - Unsafe
10 10 9 5 5 - Unsafe
63 63 59 57 55 52 48 - Unsafe
62 62 60 56 53 51 48 42 - Unsafe
40 40 39 37 35 30 29 - Unsafe
38 38 35 34 28 26 28 - Unsafe
90 90 85 84 84 - Unsafe
84 84 81 75 72 68 - Unsafe
76 76 73 68 67 64 59 - Unsafe
37 33 31 29 26 25 23 - Safe
88 84 83 80 77 80 - Unsafe
97 93 91 89 88 88 - Unsafe
82 78 77 74 73 70 67 63 - Unsafe
92 88 86 85 84 79 - Unsafe
20 16 14 16 15 - Unsafe
26 22 24 23 22 21 19 21 - Unsafe
57 53 55 54 53 51 51 - Unsafe
24 20 19 21 18 16 12 - Unsafe
56 52 50 49 48 49 46 40 - Unsafe
71 67 67 65 64 62 60 - Unsafe
40 36 36 33 31 29 31 - Unsafe
87 83 80 80 80 - Unsafe
25 21 19 19 17 14 10 - Unsafe
88 84 82 79 77 77 74 67 - Unsafe
23 19 15 14 11 10 - Unsafe
29 25 22 18 16 13 15 - Unsafe
43 39 36 32 32 - Unsafe
90 86 85 82 80 76 74 70 - Unsafe
58 54 50 47 40 - Unsafe
54 50 44 41 38 36 - Unsafe
98 94 88 85 88 - Unsafe
22 18 12 9 8 8 - Unsafe
49 45 38 36 33 29 - Unsafe
56 52 49 47 46 40 39 32 - Unsafe
53 48 47 45 42 41 38 - Safe
60 54 53 51 50 49 50 - Unsafe
90 83 82 81 81 - Unsafe
87 81 80 78 74 - Unsafe
25 19 18 16 13 6 - Unsafe
70 64 63 66 64 61 - Unsafe
36 29 26 29 30 - Unsafe
30 25 28 25 23 21 18 18 - Unsafe
81 76 78 76 74 73 69 - Unsafe
73 68 66 64 62 64 63 57 - Unsafe
51 46 46 44 41 - Unsafe
18 12 10 9 7 6 6 7 - Unsafe
38 31 30 30 28 26 24 24 - Unsafe
52 47 44 41 39 39 35 - Unsafe
74 68 65 64 61 58 58 53 - Unsafe
29 23 19 18 16 14 11 - Unsafe
56 50 49 48 44 41 40 41 - Unsafe
36 31 30 28 25 21 19 19 - Unsafe
53 47 46 42 38 - Unsafe
72 67 63 60 59 56 54 47 - Unsafe
35 30 28 26 20 18 - Unsafe
34 27 25 23 18 16 18 - Unsafe
46 39 32 29 26 24 24 - Unsafe
77 71 66 64 61 58 57 53 - Unsafe
77 71 70 63 60 54 - Unsafe
34 34 36 37 40 44 47 51 - Unsafe
55 59 61 62 60 - Unsafe
95 95 92 91 88 91 - Unsafe
92 95 92 89 89 88 89 - Unsafe
81 83 85 87 90 93 99 - Safe
30 24 22 15 12 - Unsafe
76 80 81 82 85 87 92 92 - Unsafe
82 83 81 80 80 - Unsafe
24 27 30 31 31 33 35 33 - Unsafe
32 26 28 27 28 - Unsafe
33 26 25 23 21 20 17 - Safe
74 70 67 61 60 58 58 - Unsafe
95 95 93 95 98 - Unsafe
50 50 51 49 47 45 47 - Unsafe
85 82 80 78 76 69 - Safe
34 27 27 24 21 20 18 13 - Unsafe
60 56 56 55 54 53 51 44 - Unsafe
47 47 53 54 53 - Unsafe
72 72 70 70 70 - Unsafe
9 7 10 11 14 16 15 14 - Unsafe
37 41 42 44 45 46 49 51 - Safe
42 36 36 33 33 - Unsafe
61 66 70 71 71 - Unsafe
77 72 70 66 60 - Unsafe
48 44 41 38 39 37 37 - Unsafe
46 43 45 43 41 41 - Unsafe
63 67 70 72 74 75 78 82 - Unsafe
2 3 6 6 9 11 11 - Unsafe
84 82 80 77 75 71 70 66 - Unsafe
94 90 89 92 89 82 - Unsafe
17 17 15 12 11 9 7 5 - Safe
72 75 73 73 73 - Unsafe
48 47 45 42 40 39 38 37 - Safe
3 4 6 7 9 - Safe
33 35 36 37 40 43 44 45 - Safe
49 51 52 53 54 - Safe
26 28 31 33 34 36 - Safe
55 52 50 47 44 - Safe
84 81 79 77 75 72 69 68 - Safe
90 91 93 94 95 98 - Safe
47 45 44 42 39 - Safe
22 23 26 28 29 30 32 35 - Safe
69 71 74 77 78 80 83 - Safe
53 56 57 58 61 64 66 - Safe
20 21 22 24 25 27 28 29 - Safe
37 34 33 32 31 28 - Safe
42 44 47 50 51 - Safe
94 91 89 86 83 81 - Safe
75 72 69 66 63 62 - Safe
50 47 45 42 39 37 - Safe
31 33 34 36 39 40 - Safe
30 33 35 36 38 40 - Safe
30 27 24 22 19 16 15 - Safe
20 21 22 25 28 31 33 - Safe
68 70 72 73 76 77 79 - Safe
13 14 16 19 22 - Safe
47 44 41 39 37 34 33 32 - Safe
73 75 77 79 81 84 - Safe
21 24 26 29 31 - Safe
79 81 84 85 88 - Safe
56 53 52 51 48 46 - Safe
71 74 75 76 77 - Safe
66 68 69 71 73 75 - Safe
37 35 33 30 28 26 23 20 - Safe
47 49 52 55 56 57 - Safe
95 93 91 89 86 85 82 - Safe
19 21 24 26 28 30 - Safe
71 74 76 79 80 82 84 85 - Safe
57 55 54 52 50 - Safe
75 77 80 81 83 86 - Safe
57 55 54 51 49 46 - Safe
99 98 97 94 93 91 - Safe
29 26 25 23 21 18 - Safe
61 60 57 54 51 49 47 - Safe
34 33 31 29 27 26 - Safe
79 77 74 73 72 - Safe
83 86 89 91 92 94 - Safe
41 39 36 34 33 - Safe
41 38 36 33 30 29 27 25 - Safe
16 18 21 22 25 26 - Safe
86 85 84 83 81 78 76 73 - Safe
28 29 31 34 36 37 - Safe
34 31 30 28 26 25 - Safe
82 79 77 74 73 72 71 - Safe
90 91 92 94 95 98 - Safe
47 46 43 41 38 36 34 - Safe
62 59 56 54 52 - Safe
45 42 40 38 36 34 32 - Safe
26 25 22 19 16 15 14 - Safe
37 38 40 43 45 46 - Safe
84 81 79 76 75 74 71 - Safe
77 80 82 85 87 90 92 95 - Safe
35 38 39 40 42 45 46 49 - Safe
30 33 36 39 41 44 - Safe
48 51 54 56 58 59 62 - Safe
28 29 30 32 34 35 36 39 - Safe
37 39 40 42 44 46 - Safe
21 23 24 26 27 28 31 33 - Safe
79 78 76 73 70 68 67 66 - Safe
38 37 34 32 30 28 27 - Safe
77 75 73 72 69 68 66 - Safe
13 14 15 18 20 21 - Safe
83 81 80 79 77 75 - Safe
33 36 38 40 43 44 46 49 - Safe
63 61 60 59 56 53 50 47 - Safe
23 24 25 26 27 29 30 - Safe
97 94 93 92 89 - Safe
61 62 63 64 66 69 - Safe
32 33 34 37 40 - Safe
72 71 68 67 64 62 59 - Safe
32 34 36 38 40 41 44 46 - Safe
55 52 51 50 48 47 46 45 - Safe
36 37 38 39 42 - Safe
56 57 59 60 61 63 66 - Safe
87 85 82 80 77 76 - Safe
8 9 12 14 16 - Safe
81 82 83 86 88 90 91 94 - Safe
57 58 59 62 65 - Safe
49 48 46 45 44 42 41 - Safe
75 74 73 71 69 - Safe
46 48 49 52 54 - Safe
90 89 86 83 82 79 78 - Safe
30 32 33 35 37 39 42 - Safe
49 48 46 45 44 42 - Safe
13 16 17 20 22 25 26 29 - Safe
67 64 62 61 59 - Safe
32 29 28 25 24 21 19 - Safe
57 58 59 60 63 64 - Safe
9 11 13 14 17 19 21 22 - Safe
43 44 45 48 51 53 - Safe
14 16 19 22 25 26 27 28 - Safe
77 75 73 71 68 66 64 61 - Safe
26 24 22 21 18 17 16 - Safe
80 79 78 77 74 72 71 - Safe
24 25 28 31 34 35 38 - Safe
50 52 55 58 59 62 - Safe
52 53 56 58 61 64 65 68 - Safe
21 19 16 13 11 10 7 6 - Safe
3 5 8 9 10 11 - Safe
38 37 36 33 30 27 24 - Safe
99 97 96 94 91 88 86 - Safe
54 51 48 46 45 43 42 - Safe
91 90 89 86 85 83 82 79 - Safe
34 37 39 40 43 46 47 - Safe
15 16 17 19 21 22 24 - Safe
42 41 38 35 33 31 29 27 - Safe
87 84 81 80 78 76 - Safe
80 82 83 86 89 - Safe
82 79 76 75 72 70 68 66 - Safe
45 47 50 51 52 55 56 - Safe
36 39 41 43 45 47 50 - Safe
57 55 54 53 52 51 - Safe
76 74 73 72 70 68 66 - Safe
67 66 65 62 60 - Safe
55 54 53 50 48 45 - Safe
80 81 84 85 86 88 91 - Safe
38 40 43 45 47 49 50 53 - Safe
82 84 87 88 90 - Safe
69 72 74 77 78 79 82 - Safe
51 53 55 58 60 - Safe
19 16 14 11 8 5 3 - Safe
42 41 40 38 36 - Safe
21 19 16 13 11 10 - Safe
29 28 27 25 23 - Safe
9 10 12 14 17 - Safe
88 89 92 95 96 - Safe
65 66 68 70 73 74 77 79 - Safe
18 15 14 11 10 - Safe
45 48 51 53 56 - Safe
84 82 81 79 78 77 - Safe
56 58 59 60 62 63 64 66 - Safe
67 64 63 60 58 56 54 53 - Safe
92 90 89 86 83 82 80 79 - Safe
54 56 57 60 62 64 67 69 - Safe
97 96 95 93 91 89 - Safe
65 64 62 59 57 56 55 53 - Safe
47 49 52 54 57 59 62 - Safe
78 81 84 86 88 91 92 93 - Safe
24 26 27 28 30 32 - Safe
49 52 54 55 58 61 - Safe
84 83 82 81 80 - Safe
29 30 31 34 36 39 40 - Safe
86 85 82 79 78 - Safe
31 32 34 35 36 - Safe
77 76 73 72 69 67 65 - Safe
60 59 58 55 53 51 48 46 - Safe
65 68 70 71 72 - Safe
56 54 52 51 48 45 - Safe
38 36 33 31 28 25 23 - Safe
38 40 42 43 44 - Safe
88 86 85 83 82 81 79 78 - Safe
13 11 10 9 8 - Safe
81 79 78 77 76 - Safe
81 82 85 86 89 - Safe
66 63 60 58 55 - Safe
3 4 6 9 12 15 17 19 - Safe
31 34 35 36 39 - Safe
26 27 29 32 35 36 39 42 - Safe
26 25 22 21 20 19 16 - Safe
84 82 80 78 75 - Safe
70 71 72 75 76 78 80 83 - Safe
63 60 58 55 52 - Safe
65 63 61 58 56 54 - Safe
60 61 62 63 65 - Safe
44 43 42 40 39 38 - Safe
2 5 6 7 9 10 13 - Safe
4 6 8 9 11 12 14 - Safe
61 58 57 56 55 - Safe
71 72 73 75 78 - Safe
60 63 65 67 70 71 73 - Safe
20 17 14 13 10 - Safe
64 66 69 72 74 75 76 78 - Safe
41 44 47 48 49 50 51 54 - Safe
48 47 44 41 39 36 - Safe
30 32 33 35 37 40 43 - Safe
10 12 15 17 20 21 22 25 - Safe
5 8 11 13 16 19 22 25 - Safe
36 37 40 41 42 - Safe
59 60 62 63 66 - Safe
62 59 58 55 53 50 49 - Safe
28 27 26 23 21 - Safe
26 29 31 32 34 36 - Safe
59 62 65 67 68 - Safe
77 80 81 83 84 86 88 90 - Safe
35 34 31 28 26 - Safe
40 43 44 47 50 52 - Safe
90 87 86 84 83 81 80 - Safe
45 44 42 39 36 - Safe
4 6 8 9 12 - Safe
27 24 22 20 19 16 14 11 - Safe
70 71 72 75 77 80 - Safe
54 56 58 59 61 63 66 - Safe
27 25 24 21 18 16 - Safe
73 75 78 80 83 85 87 - Safe
57 58 61 63 65 66 67 - Safe
74 72 71 69 66 65 62 - Safe
98 97 95 92 90 - Safe
14 11 10 9 8 5 - Safe
9 6 5 2 1 - Safe
29 32 33 36 38 39 - Safe
93 90 88 86 83 80 77 - Safe
38 41 43 44 45 47 50 53 - Safe
25 24 21 20 17 - Safe
18 17 14 11 8 6 4 1 - Safe
3 5 8 10 12 - Safe
87 88 90 93 96 - Safe
85 86 87 90 91 92 95 - Safe
29 28 25 24 22 19 - Safe
89 88 86 83 82 80 79 76 - Safe
70 69 67 65 64 61 - Safe
37 40 42 43 45 46 49 50 - Safe
1 2 4 5 8 10 - Safe
85 82 80 79 76 73 70 69 - Safe
95 92 91 88 85 84 81 80 - Safe
35 32 29 26 25 22 - Safe
26 24 23 22 21 19 18 17 - Safe
92 93 94 95 97 - Safe
37 35 32 30 27 - Safe
61 59 56 55 52 50 49 46 - Safe
32 35 36 38 41 43 - Safe
74 77 78 81 82 - Safe
88 86 83 82 80 - Safe
52 55 56 57 60 - Safe
61 64 65 66 68 70 72 73 - Safe
35 34 33 30 27 26 - Safe
21 24 25 26 28 31 32 35 - Safe
12 14 15 17 18 20 22 24 - Safe
28 31 34 35 37 - Safe
94 92 89 88 87 84 82 - Safe
43 42 39 38 36 34 31 29 - Safe
37 38 39 42 45 47 50 53 - Safe
82 85 87 90 93 96 99 - Safe
74 77 78 79 81 83 - Safe
86 83 80 77 76 73 - Safe
98 97 96 94 92 90 - Safe
25 23 21 19 18 15 - Safe
68 65 63 61 59 - Safe
34 37 38 41 44 45 - Safe
70 67 65 63 61 58 56 53 - Safe
34 32 30 27 25 - Safe
55 53 50 47 44 43 - Safe
44 47 50 51 53 - Safe
90 87 84 81 80 77 74 - Safe
18 19 22 24 27 - Safe
18 19 21 24 25 28 31 34 - Safe
43 42 40 38 37 35 34 - Safe
57 56 54 53 52 49 48 46 - Safe
16 18 21 22 25 - Safe
20 21 23 24 27 - Safe
79 80 83 86 87 90 - Safe
83 81 80 79 77 75 72 - Safe
37 40 41 44 45 47 49 - Safe
28 27 25 22 21 - Safe
20 18 15 14 13 10 9 - Safe
51 52 54 57 60 61 63 66 - Safe
71 73 74 77 80 81 83 85 - Safe
14 15 17 18 19 21 - Safe
73 75 76 77 79 82 - Safe
36 33 32 31 30 27 24 23 - Safe
69 71 73 75 76 77 80 81 - Safe
75 78 80 83 86 87 - Safe
11 14 17 20 23 - Safe
92 89 88 86 84 - Safe
68 67 64 62 60 59 57 56 - Safe
21 19 18 15 12 11 10 9 - Safe
42 40 39 38 37 - Safe
71 74 75 76 78 80 82 - Safe
7 8 9 12 15 18 - Safe
21 18 17 15 13 11 - Safe
70 68 65 62 61 58 57 - Safe
32 31 29 27 24 23 22 - Safe
4 7 9 11 14 - Safe
35 33 31 30 29 28 27 24 - Safe
30 33 36 39 42 45 47 - Safe
12 10 8 7 5 - Safe
47 48 50 53 56 57 59 - Safe
67 69 70 72 75 77 78 - Safe
27 24 22 19 16 15 13 11 - Safe
15 13 11 10 9 - Safe
43 40 38 35 34 31 - Safe
45 48 50 52 53 - Safe
76 77 79 81 82 85 - Safe
90 88 87 84 82 79 77 76 - Safe
28 29 32 35 38 41 43 46 - Safe
61 64 67 70 73 75 78 - Safe
55 52 51 48 46 43 42 - Safe
9 12 15 18 21 24 27 - Safe
85 87 89 91 92 94 95 97 - Safe
75 74 73 70 69 66 - Safe
35 36 39 40 43 - Safe
52 55 58 60 63 - Safe
59 62 65 66 68 70 73 - Safe
17 15 13 11 8 7 4 - Safe
37 40 42 44 46 - Safe
21 19 18 17 15 - Safe
27 28 29 32 33 36 - Safe
9 12 13 14 17 20 21 24 - Safe
88 91 94 96 99 - Safe
69 71 72 73 74 76 79 - Safe
60 59 58 56 53 50 - Safe
86 84 82 79 78 76 74 71 - Safe
98 95 94 91 89 - Safe
70 68 66 65 64 61 - Safe
16 15 12 11 8 6 5 - Safe
16 19 20 23 24 27 30 33 - Safe
47 49 50 51 53 55 58 - Safe
79 82 83 84 86 87 89 - Safe
93 91 88 87 86 84 - Safe
17 14 13 12 11 9 7 - Safe
83 81 79 78 76 75 - Safe
78 79 82 85 87 88 - Safe
38 40 43 44 45 48 49 - Safe
44 43 40 37 36 34 - Safe
94 92 91 89 88 - Safe
7 9 11 12 14 - Safe
94 91 90 89 86 - Safe
11 12 15 17 18 19 20 - Safe
32 30 27 24 21 18 - Safe
48 47 45 43 41 - Safe
51 54 55 57 59 61 64 - Safe
28 29 31 34 37 38 39 42 - Safe
85 84 83 82 81 78 75 - Safe
70 67 64 62 59 - Safe
52 50 47 44 42 - Safe
72 74 75 77 78 81 84 - Safe
7 8 11 14 15 17 19 - Safe
38 39 42 43 44 - Safe
66 68 70 73 74 75 78 79 - Safe
64 65 67 70 73 - Safe
58 56 55 53 50 49 - Safe
77 78 80 81 84 - Safe
32 34 35 37 39 - Safe
7 9 11 12 13 14 - Safe
38 41 43 46 48 49 52 - Safe
24 27 29 32 33 35 38 41 - Safe
77 74 73 70 69 68 66 - Safe
14 17 19 22 25 28 31 34 - Safe
41 40 38 36 34 31 30 - Safe
30 28 26 23 22 21 20 - Safe
50 47 46 44 43 42 - Safe
56 53 50 47 45 44 41 - Safe
70 73 76 78 80 82 - Safe
41 42 45 48 50 51 53 54 - Safe
45 42 41 39 37 34 31 29 - Safe
58 57 54 52 50 - Safe
17 20 21 24 27 - Safe
54 56 58 59 62 - Safe
73 76 78 80 81 - Safe
17 19 20 22 25 26 29 - Safe
47 48 50 52 55 58 - Safe
23 20 17 15 13 10 9 - Safe
72 71 70 68 65 62 60 59 - Safe
85 83 81 80 79 - Safe
80 79 77 76 73 70 68 - Safe
96 94 92 91 89 - Safe
36 38 40 41 42 44 - Safe
21 24 26 29 31 33 35 - Safe
62 64 66 69 71 - Safe
90 89 87 84 82 81 80 77 - Safe
19 20 21 23 25 27 - Safe
23 20 17 14 13 12 11 9 - Safe
67 69 70 72 73 75 78 80 - Safe
3 6 7 10 12 - Safe
60 63 66 67 70 73 76 78 - Safe
87 85 82 79 76 - Safe
6 9 12 14 17 18 19 - Safe
62 60 57 56 53 51 - Safe
54 52 50 49 48 - Safe
64 63 62 61 60 57 55 - Safe
75 76 78 81 82 84 - Safe
65 64 62 60 58 57 55 - Safe
62 63 66 68 71 73 - Safe
41 43 44 46 49 51 52 - Safe
15 13 10 8 6 - Safe
25 23 21 19 17 14 11 8 - Safe
56 58 60 61 62 64 66 69 - Safe
78 80 83 85 86 87 89 - Safe
35 37 40 42 44 47 48 - Safe
72 75 78 80 81 82 83 - Safe
30 32 34 35 37 - Safe
62 60 57 54 52 49 48 46 - Safe
96 93 90 87 85 84 83 - Safe
57 60 63 66 67 70 - Safe
77 75 72 70 67 - Safe
88 87 84 81 79 - Safe
22 25 26 29 31 32 34 - Safe
24 23 22 19 16 15 - Safe
57 56 53 50 49 - Safe
7 10 13 15 17 18 19 21 - Safe
19 22 24 27 29 - Safe
30 28 26 23 22 20 18 15 - Safe
5 6 8 9 12 - Safe
59 58 55 53 52 50 47 46 - Safe
35 34 32 30 27 24 22 - Safe
67 64 63 61 58 56 54 - Safe
71 74 77 78 79 - Safe
26 29 32 35 36 39 - Safe
90 88 87 86 84 - Safe
23 21 20 18 16 15 14 - Safe
11 14 17 19 20 21 23 - Safe
75 78 79 80 83 - Safe
45 48 51 54 57 58 59 62 - Safe
34 31 29 26 23 20 18 17 - Safe
17 15 12 9 7 5 - Safe
38 37 36 35 34 31 30 27 - Safe
56 55 54 53 52 51 50 49 - Safe
78 80 82 84 85 - Safe
46 45 43 42 40 38 35 - Safe
25 27 30 31 32 33 35 - Safe
27 30 32 34 37 38 - Safe
91 90 88 85 82 81 80 - Safe
27 25 23 22 20 17 16 - Safe
88 87 86 83 80 - Safe
96 93 92 89 87 84 81 - Safe
42 43 45 47 48 49 50 - Safe
21 20 19 18 15 12 9 - Safe
57 58 59 62 64 66 69 - Safe
52 49 46 44 42 - Safe
35 34 31 28 26 23 20 17 - Safe
79 76 75 73 72 71 70 68 - Safe
24 25 26 29 31 32 34 - Safe
75 77 80 82 84 85 87 90 - Safe
2 5 7 8 11 12 14 - Safe
27 26 23 20 17 14 12 - Safe
55 58 59 62 64 67 68 69 - Safe
33 34 37 40 41 42 - Safe
68 69 70 71 72 - Safe
18 17 15 13 11 8 5 4 - Safe
63 61 60 58 56 54 53 52 - Safe
22 20 19 16 15 14 - Safe
56 57 58 59 60 62 - Safe
84 85 88 90 93 96 - Safe
26 27 29 32 34 35 - Safe
88 85 84 81 78 75 73 70 - Safe
52 50 49 46 44 43 40 - Safe
41 40 37 34 32 29 26 23 - Safe
81 79 76 74 72 - Safe
51 53 55 56 58 61 62 - Safe
58 57 56 55 54 - Safe
47 44 43 41 40 - Safe
83 84 86 88 90 91 92 94 - Safe
84 83 82 81 79 78 - Safe
15 14 13 12 11 10 9 - Safe
31 28 25 24 21 18 - Safe
73 72 71 70 69 - Safe
44 46 48 49 51 54 55 58 - Safe
8 10 13 14 17 18 - Safe
78 77 74 73 70 - Safe
8 10 12 13 15 - Safe
47 46 43 42 40 - Safe
94 91 90 89 88 85 84 83 - Safe
41 43 45 46 48 - Safe
65 66 67 68 69 72 75 - Safe
97 95 94 92 91 89 - Safe
68 71 73 75 78 - Safe
35 37 40 42 44 - Safe
63 65 66 67 68 71 74 76 - Safe
85 88 90 92 95 98 - Safe
75 73 70 67 66 - Safe
91 89 87 85 82 79 77 74 - Safe
33 32 30 27 26 24 21 20 - Safe
88 85 82 79 76 74 73 71 - Safe
31 33 34 35 38 41 42 43 - Safe
10 11 12 15 17 20 21 - Safe
Total safe: 511
